%YAML:1.0
---
cameraMatrix: !!opencv-matrix
   rows: 3
   cols: 3
   dt: d
   data: [ 1.0620396543436229e+03, 0., 9.6332242320826333e+02, 0.,
       1.0673215877994628e+03, 5.4753954766071570e+02, 0., 0., 1. ]
distortionCoefficients: !!opencv-matrix
   rows: 1
   cols: 5
   dt: d
   data: [ 6.4272645870264433e-02, -9.9552244341605700e-02,
       3.7025123364777115e-04, 1.2643863253026652e-03,
       2.7945733241414829e-02 ]
rotation: !!opencv-matrix
   rows: 3
   cols: 3
   dt: d
   data: [ 1., 0., 0., 0., 1., 0., 0., 0., 1. ]
projection: !!opencv-matrix
   rows: 4
   cols: 4
   dt: d
   data: [ 1.0620396543436229e+03, 0., 9.6332242320826333e+02, 0., 0.,
       1.0673215877994628e+03, 5.4753954766071570e+02, 0., 0., 0., 1.,
       0., 0., 0., 0., 1. ]
